octave:1> A=[2 2 1;4 3 1;2 2 3] %% Once Denklemimizi matris halinde olusturdum
A =

   2   2   1
   4   3   1
   2   2   3

octave:2> B=[2; 3; 5;] %B matrisi
B =

   2
   3
   5

octave:3> L=zeros(3,3)
L =

   0   0   0
   0   0   0
   0   0   0

octave:4> U=eye(3,3)
U =

Diagonal Matrix

   1   0   0
   0   1   0
   0   0   1

octave:5> L(1,1)=A(1,1)
L =

   2   0   0
   0   0   0
   0   0   0

octave:6> L(2,1)=A(2,1)
L =

   2   0   0
   4   0   0
   0   0   0

octave:7> L(3,1)=A(3,1)
L =

   2   0   0
   4   0   0
   2   0   0

octave:8> U(1,2)=A(1,2)/L(1,1)
U =

   1   1   0
   0   1   0
   0   0   1

octave:9> L(2,2)=A(2,2)-(L(2,1)*U(1,2))
L =

   2   0   0
   4  -1   0
   2   0   0

octave:10> L(3,2)=A(3,2)-(L(3,1)*U(1,2))
L =

   2   0   0
   4  -1   0
   2   0   0

octave:11> U(1,3)=A(1,3)/L(1,1)
U =

   1.00000   1.00000   0.50000
   0.00000   1.00000   0.00000
   0.00000   0.00000   1.00000


octave:12> U
U =

   1.00000   1.00000   0.50000
   0.00000   1.00000   0.00000
   0.00000   0.00000   1.00000



octave:13> U(2,3)=A(2,3)-L(2,1)*U(1,3)
U =

   1.00000   1.00000   0.50000
   0.00000   1.00000  -1.00000
   0.00000   0.00000   1.00000

octave:14> U(2,3)=U(2,3)/L(2,2)
U =

   1.00000   1.00000   0.50000
   0.00000   1.00000   1.00000
   0.00000   0.00000   1.00000

octave:15> L
L =

   2   0   0
   4  -1   0
   2   0   0

octave:16> L(3,3)=A(3,3)-(L(3,1)*U(1,3))-(U(2,3)*L(3,2)) %U ve L matrislerimizi olusturmayı bitirdik
L =

   2   0   0
   4  -1   0
   2   0   2

octave:17> Y(1,1)=B(1,1)/L(1,1)
Y =  1
octave:18> Y(2,1)=B(2,1)-L(1,2)*Y(1,1)
Y =

   1
   3

octave:19> Y(2,1)=Y(2,1)/L(2,2)
Y =

   1
  -3

octave:20> Y(3,1)=B(3,1)-(L(3,1)*Y(1,1))-(L(3,2)*Y(2,1))
Y =

   1
  -3
   3

octave:21> Y(3,1)=Y(3,1)/L(3,3)
Y =

   1.0000
  -3.0000
   1.5000

octave:22> X(3,1)=Y(3,1) %% X3 değerimiz
X =

   0.00000
   0.00000
   1.50000

octave:23> X(2,1)=Y(2,1)-(X(3,1)*U(2,3)) %% X2 değerimiz
X =

   0.00000
  -0.50000
   1.50000

octave:24> X(1,1)=Y(1,1)-(X(3,1)*U(1,3))-X(2,1)*U(1,2) %% X1 değerimiz
X =

   0.7500
  -0.5000
   1.5000